test_DLinear_custom_ftM_sl336_ll48_pl96_dm512_nh8_el2_dl1_df2048_fc1_ebtimeF_dtTrue_test_0  
mse:0.3750903904438019, mae:0.3669387698173523, rse:0.5856602787971497, corr:[0.28779253 0.28434598 0.28355107 0.28253126 0.2822175  0.27983826
 0.27927056 0.27848718 0.27735206 0.27650908 0.27605683 0.2748428
 0.27411336 0.27332208 0.2726981  0.27214295 0.2714722  0.27097586
 0.27023208 0.26989487 0.26917595 0.2688708  0.26883432 0.26863098
 0.26847634 0.268477   0.26829812 0.2680492  0.2680811  0.26810977
 0.2681649  0.26814842 0.26800182 0.2681246  0.26806876 0.26806074
 0.268091   0.26816365 0.26818988 0.2682207  0.26820984 0.2682776
 0.26852736 0.26851055 0.26853928 0.26817244 0.2673525  0.26665503
 0.26421928 0.2647927  0.26356563 0.2637658  0.26253676 0.26252604
 0.2620225  0.26118675 0.2607039  0.26026666 0.26003328 0.25936934
 0.2591528  0.2588144  0.25867268 0.25820988 0.25782025 0.2575411
 0.2569918  0.25667584 0.25658274 0.2562066  0.25584814 0.2555776
 0.25557312 0.25545514 0.25574026 0.25564194 0.25560853 0.25543463
 0.2555977  0.25577638 0.2558257  0.25604704 0.25595418 0.25620595
 0.256189   0.25655964 0.2567153  0.25711712 0.25739202 0.25786123
 0.25813428 0.25848454 0.2585955  0.2587525  0.25892562 0.25879613]

test_Tide_Tide_ftM_sl336_ll48_pl96_dm512_nh8_el2_dl1_df2048_fc1_ebtimeF_dtTrue_test_0  
mse:0.3862347900867462, mae:0.38773113489151, rse:0.5942969918251038, corr:[0.2869903  0.28251082 0.2810703  0.27984223 0.27997786 0.27747896
 0.27718106 0.27719143 0.27624443 0.27571058 0.27566063 0.27466202
 0.27385852 0.27299613 0.27252516 0.27175257 0.271269   0.2707563
 0.27023336 0.2698384  0.26941553 0.26923662 0.26887485 0.268708
 0.2686142  0.26841697 0.26817492 0.26793364 0.26791635 0.26772535
 0.26766747 0.26769477 0.26761097 0.26759627 0.26744962 0.26727068
 0.26714218 0.2672062  0.26716474 0.26686373 0.2670409  0.26684844
 0.26698816 0.26671708 0.2665938  0.2662945  0.2652396  0.2644974
 0.26164103 0.26235417 0.2610335  0.26178154 0.25994247 0.26057673
 0.2598938  0.25914076 0.25840926 0.2578872  0.2574244  0.2567083
 0.25671324 0.2561981  0.25605002 0.2555236  0.25498214 0.25477287
 0.2542959  0.25394362 0.2535649  0.25318348 0.2530565  0.25298944
 0.25290316 0.25281218 0.25266144 0.25249198 0.25255045 0.2527612
 0.2526492  0.25265312 0.2527691  0.25296286 0.2528503  0.2530675
 0.25306976 0.25317678 0.25335556 0.25338757 0.25364155 0.2538786
 0.25439873 0.25464386 0.2549526  0.25509456 0.25527975 0.2552762 ]

test_Tide_Tide_ftM_sl336_ll48_pl96_dm512_nh8_el2_dl1_df2048_fc1_ebtimeF_dtTrue_test_0  
mse:0.3849043846130371, mae:0.38784074783325195, rse:0.5932725071907043, corr:[0.28700778 0.2825214  0.28107432 0.2799618  0.2800631  0.2774385
 0.27721184 0.2770767  0.27618548 0.27576536 0.27549183 0.2745175
 0.27373275 0.27320963 0.27253604 0.27187565 0.2713819  0.2710136
 0.27070782 0.2700644  0.2694572  0.26931992 0.2691523  0.26891983
 0.26890665 0.2686844  0.26862526 0.26823997 0.2681705  0.26808438
 0.26797697 0.26764485 0.26762933 0.2673246  0.26728928 0.2671563
 0.2671521  0.2669016  0.26681238 0.26691732 0.26689908 0.26697198
 0.26707026 0.26699507 0.2665204  0.26618242 0.26513577 0.26424548
 0.26140273 0.2625379  0.2610757  0.26172516 0.25986126 0.26042727
 0.25984877 0.25895527 0.25849906 0.25798103 0.25736395 0.25685245
 0.25666976 0.25618675 0.25579774 0.25572282 0.25531617 0.25489807
 0.254436   0.2542241  0.2540109  0.25365314 0.25344434 0.25324732
 0.25335938 0.25314033 0.25307631 0.25285274 0.25282672 0.25276563
 0.25289065 0.252817   0.25281277 0.2531303  0.25306064 0.25326458
 0.2532789  0.2533588  0.25326592 0.25338426 0.25344017 0.25375685
 0.25402686 0.2544346  0.2546143  0.25475255 0.25491807 0.25522742]

test_Tide_Tide_ftM_sl336_ll48_pl96_dm512_nh8_el2_dl1_df2048_fc1_ebtimeF_dtTrue_test_0  
mse:0.2466026395559311, mae:0.2913188338279724, rse:0.45874446630477905, corr:[0.3654995  0.362938   0.36021972 0.3599824  0.35904136 0.35898998
 0.35956874 0.35935727 0.3594519  0.35927624 0.35922748 0.35896376
 0.35884142 0.35869154 0.35870147 0.35858893 0.3585595  0.35834154
 0.35837135 0.35824248 0.35811493 0.35813525 0.35803577 0.3578761
 0.3577607  0.35763568 0.35750633 0.3574076  0.35730448 0.35719123
 0.3572411  0.35728803 0.35711232 0.35690936 0.3568234  0.3565983
 0.3565047  0.356319   0.35618553 0.35609463 0.35603946 0.3559424
 0.35587478 0.35570383 0.3553309  0.35507312 0.35419115 0.35391432
 0.35347605 0.3537027  0.3532735  0.35323966 0.3538376  0.35402694
 0.3542108  0.35421643 0.35439625 0.35483631 0.35488227 0.35490692
 0.35516086 0.35533783 0.3553311  0.35531262 0.3552388  0.35532328
 0.35536632 0.3555736  0.35553977 0.35563126 0.35556975 0.35547915
 0.3554909  0.3553891  0.35538796 0.35532898 0.35546738 0.35548133
 0.35550323 0.35541737 0.35532215 0.35528162 0.35492507 0.35456288
 0.3544398  0.3542052  0.3540829  0.35402736 0.35399914 0.3539218
 0.3537123  0.3536407  0.35330847 0.35280958 0.3525583  0.35158578]

test_Tide_Tide_ftM_sl96_ll48_pl96_dm512_nh8_el2_dl1_df2048_fc1_ebtimeF_dtTrue_test_0  
mse:0.2611505687236786, mae:0.30389130115509033, rse:0.47236764430999756, corr:[0.3667691  0.36345482 0.36057344 0.35953906 0.3581517  0.35773706
 0.35788524 0.35741323 0.35724348 0.35642493 0.35610792 0.35600188
 0.35570547 0.3554856  0.35534403 0.35542378 0.3551492  0.3551454
 0.3552447  0.35538763 0.35519564 0.35532847 0.35510227 0.3550874
 0.35502586 0.35516173 0.35491624 0.3550902  0.35496405 0.3550688
 0.35510397 0.35504252 0.35509604 0.35490474 0.3548989  0.35481587
 0.354905   0.35453257 0.35473862 0.35471725 0.35465708 0.35495773
 0.35476133 0.3549509  0.35502905 0.35465363 0.35419863 0.35427257
 0.35392982 0.3540004  0.3531591  0.35262588 0.3524464  0.35174552
 0.3515492  0.35091358 0.35084015 0.35093516 0.35084704 0.35033894
 0.35052723 0.35043457 0.34968677 0.35008854 0.3497627  0.3500949
 0.35012552 0.35030186 0.35006332 0.35020712 0.35006163 0.3501323
 0.35016295 0.35020575 0.34989944 0.3499699  0.35046884 0.35008225
 0.35025206 0.35004213 0.35068104 0.3500943  0.35033947 0.35038188
 0.3504413  0.35020176 0.34984633 0.350189   0.35009703 0.3504177
 0.35036865 0.35053083 0.35017794 0.35017443 0.35000372 0.34951183]

test_DLinear_custom_ftM_sl336_ll48_pl96_dm512_nh8_el2_dl1_df2048_fc1_ebtimeF_dtTrue_test_0  
mse:0.24150119721889496, mae:0.2811484634876251, rse:0.4586065113544464, corr:[0.36507368 0.36364627 0.36153036 0.3611828  0.360235   0.35977253
 0.35974085 0.35939392 0.35924816 0.35898706 0.35886794 0.35879725
 0.35865065 0.35873172 0.35879225 0.35872352 0.35870877 0.35861263
 0.35856718 0.3585626  0.35849902 0.35858122 0.35854515 0.35862398
 0.3585247  0.35852444 0.35858187 0.35860258 0.35866022 0.35871768
 0.35883075 0.35881373 0.35869998 0.35854775 0.35859    0.35846323
 0.35830492 0.3581532  0.35802746 0.35796186 0.35787916 0.35778508
 0.35773772 0.35768923 0.35754436 0.3574278  0.35682923 0.35644805
 0.35628718 0.356362   0.35585815 0.35555762 0.355723   0.3555968
 0.35575184 0.35582012 0.3560051  0.35631323 0.3564424  0.35667858
 0.35670367 0.35676008 0.35679466 0.35669956 0.35669115 0.3566782
 0.35675612 0.3567844  0.35679272 0.3567417  0.3567817  0.3567657
 0.35680324 0.35677004 0.35679415 0.35681784 0.3569332  0.35714716
 0.35711104 0.35712585 0.3572226  0.35724688 0.3573096  0.35718644
 0.35697627 0.35699725 0.35689685 0.3568906  0.3568553  0.35689852
 0.3567116  0.35673413 0.35664225 0.35661402 0.35651642 0.3559644 ]

test_DLL_custom_ftM_sl336_ll48_pl96_dm512_nh8_el2_dl1_df2048_fc1_ebtimeF_dtTrue_test_0  
mse:0.26166972517967224, mae:0.30073779821395874, rse:0.477372407913208, corr:[0.36545673 0.3638148  0.36170077 0.3610731  0.35982466 0.35918728
 0.35907978 0.3584423  0.35824436 0.35790655 0.35790572 0.35758394
 0.3574921  0.3575425  0.3574203  0.35734683 0.3576216  0.35738185
 0.35742155 0.357156   0.3572237  0.3574459  0.35738155 0.35757804
 0.35728773 0.35721928 0.3575185  0.35777938 0.35710937 0.35748324
 0.35777038 0.35763824 0.35753092 0.35748255 0.357144   0.35726058
 0.35702127 0.35706663 0.35711002 0.35690752 0.35657373 0.356813
 0.35648635 0.35673487 0.35669222 0.35645983 0.35630587 0.35599938
 0.3555312  0.35545748 0.35456574 0.35436428 0.3542492  0.3542549
 0.35402846 0.35416237 0.35414258 0.35411146 0.3542311  0.3541479
 0.3540545  0.3539775  0.35395858 0.35359615 0.35318613 0.35304046
 0.3529227  0.35281938 0.3531443  0.35338557 0.3534286  0.35328746
 0.35342965 0.35358787 0.353971   0.3537851  0.35402125 0.35394377
 0.35428146 0.35434207 0.3544334  0.35438377 0.35456085 0.3544602
 0.35500532 0.35465747 0.35478938 0.35455093 0.3546025  0.354766
 0.3547145  0.35451266 0.3548017  0.35456526 0.35427752 0.35421944]

test_DLL_custom_ftM_sl336_ll48_pl96_dm512_nh8_el2_dl1_df2048_fc1_ebtimeF_dtTrue_test_0  
mse:0.27319496870040894, mae:0.3003765046596527, rse:0.5070657730102539, corr:[0.37315127 0.37396526 0.3749485  0.37425888 0.37402168 0.3735589
 0.3733642  0.3728515  0.37250996 0.37219006 0.37175825 0.37137946
 0.37112734 0.37090823 0.37077868 0.3702712  0.3700353  0.3700258
 0.36948818 0.3695118  0.3695706  0.36958128 0.369617   0.36937186
 0.3693198  0.36942366 0.369299   0.36909574 0.36881584 0.36898142
 0.3689398  0.368787   0.36847502 0.36854488 0.36834902 0.36810988
 0.36736357 0.36711222 0.36721203 0.3668882  0.36659887 0.36602935
 0.3662642  0.3657828  0.36560076 0.36594364 0.36554235 0.36596435
 0.3665299  0.36724934 0.36720112 0.36681977 0.36659375 0.36620566
 0.3654137  0.3654657  0.36492136 0.3645232  0.36405417 0.3639292
 0.36383566 0.3632767  0.36312082 0.36266017 0.36258376 0.3622628
 0.36232653 0.36196315 0.36212745 0.36221892 0.3620171  0.36184406
 0.3620305  0.36189097 0.36198202 0.36174804 0.36183825 0.3613906
 0.3614527  0.36141866 0.3614583  0.3615096  0.36155045 0.3612166
 0.36126047 0.3608128  0.36079305 0.3605762  0.36017922 0.3601579
 0.3600681  0.36001152 0.3600329  0.3599168  0.3595481  0.35927978]

test_DLinear_custom_ftM_sl336_ll48_pl96_dm512_nh8_el2_dl1_df2048_fc1_ebtimeF_dtTrue_test_0  
mse:0.2645466923713684, mae:0.28635847568511963, rse:0.49897539615631104, corr:[0.37277114 0.3735923  0.3747519  0.37394866 0.37343395 0.3728729
 0.37243667 0.37208578 0.37180892 0.3714687  0.37117645 0.3709176
 0.37072352 0.3705424  0.3702923  0.37007213 0.36986637 0.369723
 0.36957896 0.3695151  0.36945865 0.3693992  0.36926505 0.36919823
 0.369136   0.36912498 0.36917406 0.36909294 0.36906302 0.36908382
 0.36909556 0.36907336 0.3690896  0.36907604 0.36904773 0.36899215
 0.36877432 0.36851412 0.36821887 0.36800238 0.36773932 0.36751342
 0.36730874 0.36706695 0.36676523 0.36651564 0.36630213 0.36597908
 0.36702028 0.36769342 0.367352   0.36691555 0.36647055 0.36598864
 0.36576492 0.3656061  0.36544478 0.3652631  0.36508766 0.36494726
 0.3647577  0.36457527 0.36455253 0.36440188 0.3643652  0.36435863
 0.36433205 0.36432612 0.36431667 0.36430678 0.36416334 0.36411858
 0.36418876 0.36416912 0.36412242 0.36419392 0.36410004 0.36406776
 0.36405045 0.3639989  0.36404246 0.36401019 0.36396948 0.3638205
 0.36366066 0.36343744 0.3632777  0.36316687 0.3630048  0.36288124
 0.36269614 0.3626139  0.3623902  0.3622215  0.36202997 0.36153728]

test_DLinear_custom_ftM_sl336_ll48_pl96_dm512_nh8_el2_dl1_df2048_fc1_ebtimeF_dtTrue_test_0  
mse:0.4370655119419098, mae:0.3977416753768921, rse:0.6226571202278137, corr:[0.34869406 0.3466583  0.34462428 0.34236896 0.3402288  0.338605
 0.3371706  0.33590546 0.3347824  0.33414215 0.33357757 0.33325416
 0.33295462 0.33276808 0.33274898 0.3326752  0.33256876 0.33237088
 0.33209094 0.33186495 0.3315882  0.33132163 0.3310701  0.33083695
 0.33052844 0.33022517 0.3300787  0.32991806 0.32991683 0.32994854
 0.32995266 0.32987955 0.3297634  0.3296363  0.32956576 0.32942867
 0.32927656 0.32920355 0.32915986 0.32902882 0.32887077 0.32866687
 0.32829303 0.32789448 0.32760012 0.32712924 0.32646036 0.3255309
 0.32415473 0.32284465 0.3214586  0.31997752 0.31897604 0.31833628
 0.3175612  0.3172596  0.3169645  0.31679642 0.31647372 0.3162267
 0.31608382 0.3157999  0.3156146  0.31539792 0.3152826  0.31522316
 0.3152956  0.31520045 0.3151668  0.31506535 0.31496882 0.3147661
 0.31467295 0.31463784 0.31453213 0.31443647 0.3145277  0.3145649
 0.31451267 0.31448612 0.31432858 0.3142585  0.31416172 0.31414762
 0.31407866 0.31408828 0.3139673  0.31401816 0.31388664 0.3137782
 0.3136043  0.3135151  0.31337586 0.31329775 0.313243   0.31309026]

test_DLL_custom_ftM_sl336_ll48_pl96_dm512_nh8_el2_dl1_df2048_fc1_ebtimeF_dtTrue_test_0  
mse:0.45779484510421753, mae:0.41370150446891785, rse:0.6372519135475159, corr:[0.35064662 0.3480982  0.34572545 0.3427245  0.3402386  0.33823103
 0.3362415  0.33472794 0.33351475 0.33250406 0.33228984 0.33159122
 0.33151275 0.33155635 0.33202595 0.33166155 0.33205754 0.33191928
 0.33171892 0.3317275  0.3315543  0.33128935 0.33125412 0.33096927
 0.33064604 0.3306044  0.33037943 0.33003342 0.33003294 0.33000413
 0.33015102 0.3297945  0.3295159  0.32926613 0.32885504 0.32892084
 0.32870755 0.32819378 0.32810143 0.3283009  0.32822323 0.3269859
 0.3268753  0.32656103 0.32601142 0.3255041  0.32498038 0.3237669
 0.32186958 0.32077637 0.318484   0.31704062 0.31553814 0.31472737
 0.31380925 0.3124297  0.3127619  0.31217313 0.31130007 0.31051344
 0.31006888 0.30993396 0.30890137 0.30907908 0.30833623 0.30847085
 0.3083153  0.30822432 0.3078468  0.3079423  0.3077407  0.30768782
 0.30783558 0.3075218  0.30732796 0.30737802 0.30761355 0.30682924
 0.30704844 0.30717984 0.3073677  0.30715036 0.3070407  0.3074227
 0.30725738 0.30789968 0.30695626 0.30706844 0.30754045 0.30723622
 0.30689186 0.30662823 0.30632594 0.306476   0.30600154 0.30583984]

test_Tide_Tide_ftM_sl336_ll48_pl96_dm512_nh8_el2_dl1_df2048_fc1_ebtimeF_dtTrue_test_0  
mse:0.45162704586982727, mae:0.4280321002006531, rse:0.6329445242881775, corr:[0.3481673  0.34490928 0.34192222 0.33924332 0.33716586 0.33590072
 0.33501032 0.3342745  0.33333027 0.33283022 0.33239472 0.33189642
 0.3313833  0.33118632 0.33101815 0.33064774 0.33038077 0.33016792
 0.32992607 0.3296635  0.32940844 0.32929152 0.32920662 0.32885692
 0.3284536  0.32823506 0.3280065  0.32784465 0.32770184 0.32758045
 0.32741192 0.32714885 0.3267461  0.3264621  0.3260584  0.3258733
 0.3254948  0.32530227 0.3249924  0.32483175 0.3245021  0.32431823
 0.32381946 0.32345912 0.32312462 0.32250613 0.32197136 0.3211829
 0.32027155 0.3192114  0.31810582 0.31688842 0.31610018 0.31544703
 0.31485292 0.3145018  0.31422746 0.31356442 0.31296423 0.31252098
 0.312207   0.3118276  0.3116206  0.3113068  0.31118277 0.31117684
 0.31123134 0.31132406 0.31130263 0.31126294 0.3112101  0.31113392
 0.31088185 0.31096342 0.31077537 0.31072804 0.31067422 0.31053457
 0.31048644 0.3103462  0.31022945 0.3100452  0.30988535 0.30984518
 0.30980557 0.3098738  0.3096258  0.30952016 0.30923587 0.30930087
 0.30898985 0.308659   0.30857447 0.3083694  0.30832914 0.3081525 ]

test_Tide_Tide_ftM_sl336_ll48_pl96_dm512_nh8_el2_dl1_df2048_fc1_ebtimeF_dtTrue_test_0  
mse:0.2874889373779297, mae:0.32110798358917236, rse:0.5201618671417236, corr:[0.37350616 0.37289762 0.37310046 0.37274596 0.37278658 0.3725637
 0.37247172 0.37219948 0.3715698  0.37142548 0.37067023 0.3700284
 0.369613   0.36924443 0.36870757 0.36846045 0.36815494 0.36787364
 0.3678136  0.3675365  0.36733028 0.3672209  0.36717924 0.36678028
 0.3668452  0.3666882  0.36663866 0.3663024  0.36616188 0.36590907
 0.36574012 0.36557075 0.36541066 0.3653888  0.36512387 0.36489776
 0.3649179  0.36466712 0.36405432 0.3639215  0.36370254 0.3633505
 0.3628296  0.36263075 0.36199316 0.36158377 0.3613446  0.3614851
 0.36210132 0.36267397 0.36233863 0.36226144 0.36224344 0.361751
 0.36135867 0.36119753 0.36117706 0.3609506  0.36075667 0.36040157
 0.36010337 0.3598359  0.35960332 0.35951418 0.35961306 0.35969058
 0.35954478 0.3597609  0.35944015 0.35955295 0.35935143 0.35940623
 0.35937813 0.35920554 0.35910723 0.35895145 0.35876346 0.358678
 0.35862258 0.35864714 0.35839787 0.35844836 0.3583521  0.3579532
 0.35794672 0.35769236 0.35747305 0.35728836 0.35690513 0.35677376
 0.35650715 0.35601008 0.3558639  0.35526302 0.35491455 0.35422504]

test_Tide_Tide_ftM_sl336_ll48_pl96_dm512_nh8_el2_dl1_df2048_fc1_ebtimeF_dtTrue_test_0  
mse:0.2573620080947876, mae:0.31390172243118286, rse:0.4734267592430115, corr:[0.3640177  0.3615907  0.35931575 0.3587107  0.35790068 0.35767308
 0.35828182 0.3579719  0.35791934 0.3579016  0.35771957 0.3576178
 0.35764733 0.35772556 0.35740933 0.35745418 0.3573077  0.35683414
 0.35692808 0.35681158 0.35677993 0.35696378 0.35686314 0.35666588
 0.35647455 0.35626784 0.35614058 0.35611168 0.35596344 0.35571662
 0.35571098 0.3556232  0.35516697 0.3552433  0.3548678  0.35463148
 0.35450527 0.3543542  0.3540163  0.35385194 0.3539751  0.35381806
 0.3534842  0.35331973 0.35293713 0.3528617  0.3520959  0.351905
 0.3520181  0.3519258  0.3513803  0.3513718  0.35196364 0.35204464
 0.35206088 0.35172477 0.35204458 0.3524102  0.35297748 0.3527659
 0.35287857 0.35297114 0.35280928 0.35281748 0.35277066 0.3529098
 0.35279343 0.35314617 0.35282314 0.3529274  0.35286227 0.35282192
 0.3529742  0.3528219  0.3528165  0.35284686 0.35307524 0.35289657
 0.3528915  0.35269776 0.35275608 0.35246032 0.3524721  0.35192707
 0.35191038 0.3517357  0.35129347 0.3515466  0.3512975  0.35151756
 0.3512836  0.3511598  0.35076848 0.3505133  0.35070327 0.35007074]

test_Tide_Tide_ftM_sl336_ll48_pl96_dm512_nh8_el2_dl1_df2048_fc1_ebtimeF_dtTrue_test_0  
mse:0.2472950667142868, mae:0.3234443962574005, rse:0.46407514810562134, corr:[0.3657612  0.3638488  0.3618316  0.36149803 0.36085132 0.3606039
 0.36107478 0.3610452  0.36123958 0.36106658 0.36107773 0.3610753
 0.3606166  0.3604437  0.36027804 0.3605451  0.3602391  0.3602547
 0.360067   0.36009365 0.35988662 0.35972926 0.3599767  0.359797
 0.35979524 0.35979795 0.3597491  0.35979912 0.35987458 0.35973167
 0.35961124 0.3596568  0.35968748 0.3593259  0.35933134 0.35911208
 0.3588327  0.3587117  0.35838753 0.3584192  0.35849047 0.35862917
 0.35847208 0.35843647 0.35818526 0.35782185 0.35752678 0.3573478
 0.35686457 0.35675582 0.35622722 0.35612574 0.3561099  0.35536876
 0.3560357  0.35596675 0.355961   0.3564705  0.35661796 0.35638067
 0.356376   0.3562462  0.3561235  0.35590976 0.356073   0.3559876
 0.356024   0.35599348 0.3561558  0.3561516  0.35608494 0.3559992
 0.35588336 0.3559695  0.35603762 0.35589075 0.35608333 0.35629416
 0.35641873 0.35625914 0.3561804  0.35629714 0.35603222 0.35576892
 0.35571697 0.355414   0.35512722 0.355227   0.3552898  0.35531008
 0.35524592 0.35524422 0.35498524 0.35450843 0.3545727  0.35402405]

test_Tide_Tide_ftM_sl96_ll48_pl96_dm512_nh8_el2_dl1_df2048_fc1_ebtimeF_dtTrue_test_0  
mse:0.27915409207344055, mae:0.3245467245578766, rse:0.49332496523857117, corr:[0.3653179  0.3622268  0.3591564  0.35805747 0.35677874 0.3562143
 0.35633564 0.35563073 0.3552145  0.3548538  0.35409245 0.35359007
 0.35309404 0.35303843 0.35277072 0.3528602  0.35269904 0.3527307
 0.35265285 0.35255352 0.35274643 0.3526293  0.35246894 0.35250053
 0.35244015 0.35246658 0.3525394  0.3525388  0.3525264  0.35263932
 0.35261962 0.352664   0.3525549  0.35248673 0.35222292 0.35219562
 0.35202235 0.35193542 0.35195205 0.35194725 0.35188785 0.35192126
 0.35198283 0.3521429  0.3519114  0.35172552 0.3513102  0.35134083
 0.35093886 0.35062099 0.34963015 0.34887466 0.3485657  0.3480315
 0.34754962 0.34667322 0.3465948  0.34640095 0.3461416  0.3457405
 0.34573454 0.34553725 0.34582308 0.34522763 0.3453557  0.34548077
 0.3456315  0.34563112 0.34571853 0.3458926  0.34569275 0.34579146
 0.34558913 0.34594956 0.3457709  0.3458508  0.34597594 0.3457762
 0.3460638  0.346277   0.34615177 0.34593326 0.34601837 0.3459993
 0.34596306 0.34578753 0.34603977 0.3458516  0.34615776 0.34598
 0.34607983 0.34620482 0.346365   0.34635666 0.3464638  0.34590012]

test_Tide_Tide_ftM_sl336_ll48_pl96_dm512_nh8_el2_dl1_df2048_fc1_ebtimeF_dtTrue_test_0  
mse:0.25729891657829285, mae:0.3138650357723236, rse:0.47336870431900024, corr:[0.3638576  0.36159864 0.3593553  0.35875815 0.35804075 0.3578137
 0.35820356 0.35807765 0.35817057 0.35787418 0.35791042 0.35773215
 0.35764202 0.3573789  0.35750428 0.35751644 0.35727957 0.35706785
 0.35696375 0.35711512 0.35663176 0.35670924 0.35670778 0.35647902
 0.35647732 0.35627747 0.35626805 0.3561327  0.35625654 0.3559308
 0.3556571  0.35556656 0.35541767 0.35531437 0.35496444 0.35482985
 0.35450503 0.3544056  0.35399717 0.35383454 0.35401833 0.3539177
 0.3534215  0.3535621  0.35312447 0.3527576  0.3521924  0.35223532
 0.3518538  0.35173285 0.35158217 0.35165665 0.35192165 0.35159487
 0.3520357  0.35212138 0.3522131  0.35262817 0.3527888  0.35267082
 0.35308495 0.352921   0.3530043  0.35288483 0.35310772 0.35302234
 0.35298836 0.35316008 0.3532139  0.35329035 0.35312313 0.3529295
 0.35283116 0.35297596 0.3528677  0.35271454 0.3529304  0.35300055
 0.3528791  0.35268503 0.3525042  0.3527346  0.3522035  0.35187387
 0.35195222 0.35166407 0.35141787 0.3515147  0.35147846 0.35156947
 0.35142216 0.35137266 0.35108784 0.35050583 0.35047776 0.34984913]

test_DLL_custom_ftM_sl336_ll48_pl96_dm512_nh8_el2_dl1_df2048_fc1_ebtimeF_dtTrue_test_0  
mse:0.2617548406124115, mae:0.3005600571632385, rse:0.47745007276535034, corr:[0.36598682 0.36440563 0.36185926 0.36114153 0.36006668 0.3595393
 0.35936219 0.35880488 0.35862595 0.35820392 0.35803285 0.35784897
 0.357821   0.35798985 0.35820776 0.35821006 0.35796458 0.35789806
 0.35789114 0.35786825 0.35774833 0.35801402 0.35789463 0.35788488
 0.35791305 0.35757422 0.35765353 0.3575535  0.35744563 0.3576249
 0.35758305 0.35739237 0.35758963 0.35743865 0.35724708 0.35711962
 0.35723117 0.356885   0.35695952 0.35724115 0.35686007 0.35708418
 0.35687009 0.35701865 0.35685745 0.3565178  0.3561509  0.35570452
 0.35551363 0.35558376 0.35456467 0.35428646 0.35439935 0.35427067
 0.35441634 0.3542089  0.35431105 0.3545943  0.35470048 0.35466734
 0.3546139  0.35489267 0.35488454 0.35453823 0.35426044 0.35409367
 0.3540018  0.35371283 0.35370883 0.35354933 0.3536001  0.3534735
 0.35369727 0.35362545 0.35372815 0.35357895 0.3537753  0.35388437
 0.35383478 0.35384396 0.35413292 0.35439742 0.35437983 0.3542417
 0.35443    0.35476384 0.35449368 0.35407415 0.35457823 0.35478845
 0.35460344 0.35472944 0.35486758 0.35472733 0.35443026 0.3542538 ]

test_DLinear_custom_ftM_sl336_ll48_pl96_dm512_nh8_el2_dl1_df2048_fc1_ebtimeF_dtTrue_test_0  
mse:0.24149850010871887, mae:0.2811480164527893, rse:0.45860394835472107, corr:[0.3650774  0.36362338 0.36158097 0.36115536 0.3602611  0.35977948
 0.35974598 0.35939696 0.35926387 0.358973   0.35890028 0.35877272
 0.358697   0.35864815 0.35877582 0.3587373  0.35867247 0.35854793
 0.358632   0.3585214  0.35856262 0.35862392 0.35855395 0.3586011
 0.3585242  0.3585148  0.35860297 0.35863376 0.3585643  0.3586333
 0.35876742 0.35883173 0.35874644 0.35865512 0.35854906 0.3583917
 0.35828823 0.358123   0.3579944  0.35793987 0.35791904 0.35786524
 0.3577336  0.35777754 0.35756087 0.3574385  0.35679686 0.356431
 0.35628632 0.35643157 0.35578772 0.3556552  0.35571066 0.3557457
 0.3559035  0.3559519  0.35614303 0.35632774 0.356488   0.3565934
 0.35677084 0.3568537  0.3569203  0.3568346  0.35685351 0.35679728
 0.35668215 0.35680994 0.35681343 0.35684448 0.3567133  0.35663998
 0.3567441  0.35665023 0.3567466  0.35676223 0.35690567 0.3569953
 0.35705146 0.3571371  0.35725367 0.35724428 0.35720813 0.35713822
 0.3569703  0.35698333 0.3569087  0.3568471  0.3569162  0.35678703
 0.3568324  0.35673842 0.3566772  0.35671276 0.3565382  0.35601506]

test_DLinear_custom_ftM_sl336_ll48_pl96_dm512_nh8_el2_dl1_df2048_fc1_ebtimeF_dtTrue_test_0  
mse:0.2645511031150818, mae:0.2863144278526306, rse:0.4989795386791229, corr:[0.37273577 0.37352875 0.3747826  0.37398446 0.37343735 0.3728838
 0.37242597 0.3720877  0.37177867 0.37147498 0.37122595 0.3709513
 0.3707302  0.37049574 0.37030303 0.37000498 0.36983007 0.3697299
 0.36959878 0.36952972 0.36949804 0.36943686 0.3693063  0.36923534
 0.36919874 0.36924914 0.36912453 0.36912104 0.369001   0.36912107
 0.36909273 0.3690814  0.36905798 0.36907858 0.3691019  0.368965
 0.36875173 0.36850873 0.3682533  0.36802948 0.36776084 0.367504
 0.36730453 0.36697018 0.36676073 0.3664741  0.366334   0.36602116
 0.36708385 0.367667   0.36736736 0.36690876 0.36645198 0.3660459
 0.3657623  0.36564752 0.36547676 0.36536598 0.36509976 0.36497238
 0.36476544 0.3646058  0.36446804 0.3644052  0.36443287 0.3643962
 0.3644257  0.36428028 0.3642972  0.3642725  0.36415458 0.36415935
 0.3641062  0.3641016  0.3641333  0.36417457 0.36411992 0.36412758
 0.3640913  0.36405104 0.36410663 0.3640885  0.36403814 0.36388972
 0.36373195 0.3635588  0.36335722 0.36314532 0.36296153 0.36290672
 0.36278212 0.36261043 0.36241126 0.3622285  0.36204273 0.3615111 ]

test_DLL_custom_ftM_sl336_ll48_pl96_dm512_nh8_el2_dl1_df2048_fc1_ebtimeF_dtTrue_test_0  
mse:0.2796842157840729, mae:0.30413901805877686, rse:0.5130526423454285, corr:[0.3733059  0.37411585 0.3751717  0.3745017  0.3740157  0.37363973
 0.3732701  0.37289995 0.37255427 0.371953   0.37181896 0.37163246
 0.37130564 0.3709228  0.37048602 0.37024707 0.37005004 0.3699022
 0.36985865 0.37001425 0.3698345  0.36984974 0.36969897 0.3696193
 0.36982703 0.36982536 0.36957923 0.36966556 0.36964568 0.36964378
 0.36980745 0.36954322 0.3694813  0.36954212 0.36902648 0.36888114
 0.36854312 0.368151   0.3679699  0.3677539  0.36709595 0.3671558
 0.36676088 0.3665542  0.36697993 0.36672485 0.36655235 0.36652514
 0.36760685 0.36809567 0.36801547 0.36747852 0.36712068 0.36684975
 0.36628595 0.3660441  0.36534303 0.36546946 0.3652175  0.3647896
 0.36454663 0.36422947 0.3640409  0.36386347 0.3636013  0.36359152
 0.36353606 0.3636532  0.3636251  0.36358368 0.3637107  0.3632812
 0.36321017 0.36361396 0.36362323 0.36342734 0.3635976  0.36358485
 0.36371225 0.3637183  0.363823   0.36397475 0.36381423 0.36354503
 0.3630232  0.36304563 0.36262104 0.3627064  0.36234868 0.36256483
 0.36240134 0.362549   0.36197007 0.36199024 0.36177152 0.36144176]

test_Tide_Tide_ftM_sl336_ll48_pl96_dm512_nh8_el2_dl1_df2048_fc1_ebtimeF_dtTrue_test_0  
mse:0.2873390316963196, mae:0.3207467198371887, rse:0.5200262665748596, corr:[0.3734762  0.3728683  0.3733246  0.3729086  0.3726547  0.37243178
 0.37269375 0.37229446 0.37184727 0.3711533  0.37080318 0.3702141
 0.3699306  0.36922008 0.36855337 0.36827758 0.3679808  0.36773688
 0.36746517 0.36748776 0.3670756  0.3671183  0.36660543 0.36659163
 0.36657497 0.36635843 0.36617786 0.36615542 0.3658461  0.36577377
 0.3655287  0.36541617 0.36530706 0.3654168  0.36488768 0.36482492
 0.36448565 0.36445993 0.36402932 0.3637974  0.36355594 0.36321175
 0.36276072 0.3626017  0.36205754 0.36169654 0.36154386 0.36139098
 0.36198577 0.3626202  0.3625234  0.36253703 0.36232027 0.36178362
 0.36166087 0.36168215 0.36121252 0.3610641  0.36075312 0.36035204
 0.36009517 0.35986948 0.35987952 0.35959983 0.35965416 0.35968554
 0.3595576  0.35952762 0.35948977 0.3595106  0.35927448 0.35930517
 0.3591492  0.35920298 0.35907498 0.35889855 0.35891306 0.35881615
 0.35880938 0.35868782 0.35847753 0.35855177 0.35837942 0.35809729
 0.357996   0.3577991  0.35737693 0.35718414 0.3570369  0.35680565
 0.35647705 0.35609552 0.3558317  0.35533944 0.35494566 0.35418147]

test_Tide_Tide_ftM_sl336_ll48_pl96_dm512_nh8_el2_dl1_df2048_fc1_ebtimeF_dtTrue_test_0  
mse:0.45167431235313416, mae:0.4279971718788147, rse:0.6329776644706726, corr:[0.34828562 0.34472713 0.34189337 0.33928284 0.33718804 0.3359758
 0.33505374 0.33426666 0.33334786 0.3327091  0.3324629  0.33211687
 0.3314367  0.33135822 0.33108932 0.33079803 0.33048332 0.33010596
 0.33005884 0.32977057 0.3294441  0.3291534  0.32911834 0.32880268
 0.3284948  0.32810014 0.32803264 0.32787463 0.32769683 0.32749155
 0.3273659  0.32705134 0.3268783  0.32656986 0.3261836  0.32593298
 0.3256046  0.3252173  0.32505047 0.3247866  0.32461804 0.32437918
 0.32393694 0.32345423 0.32306114 0.32255593 0.3220083  0.3213463
 0.3200729  0.31923667 0.31797507 0.31678388 0.31602162 0.31549633
 0.31484288 0.31448486 0.31406504 0.31355065 0.31299254 0.31234023
 0.31216323 0.3117608  0.3114855  0.31142756 0.3111689  0.3111282
 0.31112295 0.31105778 0.3112808  0.31122226 0.31116784 0.31107348
 0.3110214  0.31100076 0.3108143  0.31068593 0.3107015  0.3105998
 0.31055313 0.31041846 0.31039417 0.3102007  0.30998895 0.30982962
 0.30972221 0.30979624 0.30955505 0.30950505 0.30934608 0.30923817
 0.30899435 0.30878058 0.30855379 0.30844286 0.30835646 0.30787963]

test_DLL_custom_ftM_sl336_ll48_pl96_dm512_nh8_el2_dl1_df2048_fc1_ebtimeF_dtTrue_test_0  
mse:0.4586060047149658, mae:0.4126908481121063, rse:0.6378161907196045, corr:[0.35065618 0.3484513  0.3461059  0.34317547 0.34050286 0.3387915
 0.33707905 0.33573675 0.33442327 0.33342737 0.33317924 0.33237964
 0.33225706 0.33242977 0.33235794 0.33227897 0.33209166 0.33225918
 0.332434   0.33246163 0.3320617  0.33186913 0.33188286 0.33162677
 0.33144814 0.33124676 0.33089644 0.330498   0.33052868 0.33065692
 0.33058158 0.33035004 0.33025512 0.33011422 0.33042356 0.33020923
 0.32972062 0.32959834 0.32937807 0.32984754 0.32888252 0.32896027
 0.3285689  0.32847303 0.32824358 0.32764393 0.32689464 0.32596186
 0.324206   0.32260743 0.32052723 0.31863096 0.31756747 0.3165064
 0.31555003 0.31510168 0.31446898 0.31411892 0.313476   0.31300434
 0.31244212 0.31222677 0.3114891  0.31044424 0.31014422 0.3098064
 0.3098923  0.31040555 0.30967522 0.3098393  0.3094849  0.30962485
 0.3094151  0.30957147 0.30915678 0.30934626 0.3098852  0.30966723
 0.30974638 0.30951113 0.30913126 0.30870527 0.30868858 0.30881092
 0.30857474 0.30845952 0.30826992 0.30864182 0.30875224 0.3091628
 0.3085769  0.30858406 0.3081448  0.30793628 0.30801624 0.30762944]

test_DLinear_custom_ftM_sl336_ll48_pl96_dm512_nh8_el2_dl1_df2048_fc1_ebtimeF_dtTrue_test_0  
mse:0.5316902995109558, mae:0.4821270704269409, rse:0.6322891116142273, corr:[0.07351831 0.07214741 0.07081807 0.06859457 0.06797639 0.06758382
 0.0667135  0.06618945 0.06462324 0.06369186 0.06384452 0.06334089
 0.06388924 0.06330265 0.06226928 0.06166081 0.05980343 0.06259333
 0.0608908  0.0613407  0.0598798  0.05972565 0.06131711 0.06067443
 0.05987447 0.05902601 0.05854286 0.0598007  0.06012653 0.05971053
 0.0605301  0.05900009 0.05898093 0.06006432 0.05860326 0.05833651
 0.06008732 0.05823171 0.05832855 0.05729044 0.05710708 0.05918091
 0.0592641  0.05810889 0.05706618 0.0582882  0.0585959  0.05600284
 0.05738015 0.0573126  0.0578954  0.05737528 0.05672202 0.0570977
 0.05615274 0.05655016 0.05606355 0.05821201 0.05788676 0.05836451
 0.05773529 0.05678368 0.05786571 0.05703465 0.05816913 0.05645276
 0.05912931 0.0567954  0.05733129 0.05622543 0.05975011 0.05849035
 0.06072007 0.06119456 0.06049118 0.06031459 0.06228311 0.06261446
 0.06237569 0.06348316 0.06174039 0.06190902 0.06188726 0.06182233
 0.05991467 0.06113108 0.06198958 0.06047606 0.06258882 0.06279626
 0.06198027 0.06342327 0.06480979 0.06477449 0.06776468 0.06617112]

test_DLinear_custom_ftM_sl336_ll48_pl96_dm512_nh8_el2_dl1_df2048_fc1_ebtimeF_dtTrue_test_0  
mse:0.4370655119419098, mae:0.3977416753768921, rse:0.6226571202278137, corr:[0.34869406 0.3466583  0.34462428 0.34236896 0.3402288  0.338605
 0.3371706  0.33590546 0.3347824  0.33414215 0.33357757 0.33325416
 0.33295462 0.33276808 0.33274898 0.3326752  0.33256876 0.33237088
 0.33209094 0.33186495 0.3315882  0.33132163 0.3310701  0.33083695
 0.33052844 0.33022517 0.3300787  0.32991806 0.32991683 0.32994854
 0.32995266 0.32987955 0.3297634  0.3296363  0.32956576 0.32942867
 0.32927656 0.32920355 0.32915986 0.32902882 0.32887077 0.32866687
 0.32829303 0.32789448 0.32760012 0.32712924 0.32646036 0.3255309
 0.32415473 0.32284465 0.3214586  0.31997752 0.31897604 0.31833628
 0.3175612  0.3172596  0.3169645  0.31679642 0.31647372 0.3162267
 0.31608382 0.3157999  0.3156146  0.31539792 0.3152826  0.31522316
 0.3152956  0.31520045 0.3151668  0.31506535 0.31496882 0.3147661
 0.31467295 0.31463784 0.31453213 0.31443647 0.3145277  0.3145649
 0.31451267 0.31448612 0.31432858 0.3142585  0.31416172 0.31414762
 0.31407866 0.31408828 0.3139673  0.31401816 0.31388664 0.3137782
 0.3136043  0.3135151  0.31337586 0.31329775 0.313243   0.31309026]

test_Tide_Tide_ftM_sl40_ll20_pl10_dm512_nh8_el2_dl1_df2048_fc1_ebtimeF_dtTrue_test_0  
mse:0.1567504107952118, mae:0.08972258120775223, rse:0.5266969799995422, corr:[0.16130362 0.16174263 0.1647568  0.16460401 0.16471763 0.16298948
 0.166411   0.16473314 0.16141894 0.16246857]

test_Tide_Tide_ftM_sl40_ll20_pl10_dm512_nh8_el2_dl1_df2048_fc1_ebtimeF_dtTrue_test_0  
mse:0.1567504107952118, mae:0.08972258120775223, rse:0.5266969799995422, corr:[0.16130362 0.16174263 0.1647568  0.16460401 0.16471763 0.16298948
 0.166411   0.16473314 0.16141894 0.16246857]

test_Tide_Tide_ftM_sl30_ll20_pl10_dm512_nh8_el2_dl1_df2048_fc1_ebtimeF_dtTrue_test_0  
mse:0.15003441274166107, mae:0.08347997069358826, rse:0.5274817943572998, corr:[0.16442934 0.16440767 0.16507402 0.16424137 0.16563745 0.16507448
 0.16544615 0.16192624 0.16029838 0.16121536]

test_Tide_Tide_ftM_sl30_ll20_pl10_dm512_nh8_el2_dl1_df2048_fc1_ebtimeF_dtTrue_test_0  
mse:0.15003441274166107, mae:0.08347997069358826, rse:0.5274817943572998, corr:[0.16442934 0.16440767 0.16507402 0.16424137 0.16563745 0.16507448
 0.16544615 0.16192624 0.16029838 0.16121536]

test_0726_Tide_Tide_ftM_sl30_ll20_pl10_dm512_nh8_el2_dl1_df2048_fc1_ebtimeF_dtTrue_test_0  
mse:0.15498961508274078, mae:0.07206335663795471, rse:0.6604907512664795, corr:[0.11205754 0.11232759 0.11436139 0.11371534 0.11576421 0.11631331
 0.11744592 0.11495479 0.11499896 0.11529175]

test_0726_Tide_Tide_ftM_sl50_ll20_pl10_dm512_nh8_el2_dl1_df2048_fc1_ebtimeF_dtTrue_test_0  
mse:0.17103345692157745, mae:0.08474574238061905, rse:0.6652442216873169, corr:[0.11351594 0.11339253 0.11501842 0.11671707 0.11673498 0.12145098
 0.12320172 0.12396541 0.13070591 0.12705854]

test_0726_Tide_Tide_ftM_sl20_ll20_pl10_dm512_nh8_el2_dl1_df2048_fc1_ebtimeF_dtTrue_test_0  
mse:0.16139669716358185, mae:0.07133152335882187, rse:0.6838188171386719, corr:[0.11280476 0.11238185 0.11303066 0.11235651 0.11159698 0.11617397
 0.1162729  0.11606969 0.11642464 0.11408616]

test_0726_Tide_Tide_ftM_sl10_ll10_pl10_dm512_nh8_el2_dl1_df2048_fc1_ebtimeF_dtTrue_test_0  
mse:0.15814638137817383, mae:0.06654457002878189, rse:0.6881902813911438, corr:[0.10072292 0.09929096 0.09942519 0.09895574 0.09880196 0.1063619
 0.10713883 0.10597715 0.10730031 0.10594205]

test_0726_Tide_Tide_ftM_sl2_ll10_pl10_dm512_nh8_el2_dl1_df2048_fc1_ebtimeF_dtTrue_test_0  
mse:1.0447086095809937, mae:0.4510889947414398, rse:0.9284468293190002, corr:[ 3.9577778e-02  3.3907633e-02  2.7799986e-02  2.4186544e-02
  2.3196658e-02  9.5242141e-03  1.3946791e-02  4.8444290e-03
 -1.5530142e-09 -5.8673595e-07]

test_0726_Tide_Tide_ftM_sl10_ll10_pl10_dm512_nh8_el2_dl1_df2048_fc1_ebtimeF_dtTrue_test_0  
mse:0.5573113560676575, mae:0.5004989504814148, rse:5.544513702392578, corr:[-8.1843887e-10  1.1103793e-11  4.3893573e-11  3.3864193e-08
 -5.2235127e-10  2.4974625e-10 -7.8346205e-11  7.2521482e-11
  3.1137345e-10  1.4979519e-10]

test_0726_Tide_Tide_ftM_sl15_ll10_pl10_dm512_nh8_el2_dl1_df2048_fc1_ebtimeF_dtTrue_test_0  
mse:0.15054604411125183, mae:0.06974218040704727, rse:0.6631093621253967, corr:[0.10499033 0.1030441  0.10646658 0.11023396 0.11198726 0.1143161
 0.11533407 0.11730815 0.11362197 0.11295438]

test_0726_Tide_Tide_ftM_sl10_ll10_pl10_dm512_nh8_el2_dl1_df2048_fc1_ebtimeF_dtTrue_test_0  
mse:0.1569104641675949, mae:0.06644578278064728, rse:0.685495913028717, corr:[0.10089137 0.09964098 0.09968327 0.09923729 0.09898101 0.10647746
 0.10712365 0.10568831 0.10749176 0.10609087]

test_0726_Tide_Tide_ftM_sl10_ll10_pl10_dm512_nh8_el2_dl1_df2048_fc1_ebtimeF_dtTrue_test_0  
mse:0.15691281855106354, mae:0.06666000187397003, rse:0.6855010390281677, corr:[0.10082409 0.09931085 0.09965622 0.09913462 0.09924576 0.10648766
 0.10702225 0.10614768 0.10758006 0.10601379]

test_0726_Tide_Tide_ftM_sl10_ll10_pl10_dm512_nh8_el2_dl1_df2048_fc1_ebtimeF_dtTrue_test_0  
mse:0.15691281855106354, mae:0.06666000187397003, rse:0.6855010390281677, corr:[0.10082409 0.09931085 0.09965622 0.09913462 0.09924576 0.10648766
 0.10702225 0.10614768 0.10758006 0.10601379]

test_0726_Tide_Tide_ftM_sl10_ll10_pl10_dm512_nh8_el2_dl1_df2048_fc1_ebtimeF_dtTrue_test_0  
mse:0.15691281855106354, mae:0.06666000187397003, rse:0.6855010390281677, corr:[0.10082409 0.09931085 0.09965622 0.09913462 0.09924576 0.10648766
 0.10702225 0.10614768 0.10758006 0.10601379]

test_0726_Tide_Tide_ftM_sl10_ll10_pl10_dm512_nh8_el2_dl1_df2048_fc1_ebtimeF_dtTrue_test_0  
mse:0.15691281855106354, mae:0.06666000187397003, rse:0.6855010390281677, corr:[0.10082409 0.09931085 0.09965622 0.09913462 0.09924576 0.10648766
 0.10702225 0.10614768 0.10758006 0.10601379]

test_0726_Tide_Tide_ftM_sl10_ll10_pl10_dm512_nh8_el2_dl1_df2048_fc1_ebtimeF_dtTrue_test_0  
mse:0.1782928705215454, mae:0.07495520263910294, rse:0.6890650391578674, corr:[0.11139563 0.11017252 0.1099955  0.10917868 0.10886214 0.11850557
 0.11903733 0.11798374 0.11764599 0.11595346]

test_0726_Tide_Tide_ftM_sl10_ll10_pl10_dm512_nh8_el2_dl1_df2048_fc1_ebtimeF_dtTrue_test_0  
mse:0.15787151455879211, mae:0.06680227071046829, rse:0.6875919699668884, corr:[0.10073401 0.09929182 0.09953714 0.09896253 0.09877799 0.10638653
 0.10716233 0.10605007 0.10724781 0.1059118 ]

test_0726_Tide_Tide_ftM_sl10_ll10_pl10_dm512_nh8_el2_dl1_df2048_fc1_ebtimeF_dtTrue_test_0  
mse:0.1406916081905365, mae:0.08458990603685379, rse:0.6491020917892456, corr:[0.10281131 0.10205529 0.1034544  0.10396213 0.10318583 0.10901214
 0.10993925 0.10879537 0.10779453 0.10538074]

test_0727_Tide_Tide_ftM_sl10_ll10_pl10_dm512_nh8_el2_dl1_df2048_fc1_ebtimeF_dtTrue_test_0  
mse:0.15787151455879211, mae:0.06680227071046829, rse:0.6875919699668884, corr:[0.10073401 0.09929182 0.09953714 0.09896253 0.09877799 0.10638653
 0.10716233 0.10605007 0.10724781 0.1059118 ]

test_0727_Tide_Tide_ftM_sl10_ll10_pl10_dm512_nh8_el2_dl1_df2048_fc1_ebtimeF_dtTrue_test_0  
mse:0.15792953968048096, mae:0.06653662025928497, rse:0.6877183318138123, corr:[0.10072745 0.09928805 0.09941919 0.09896811 0.09879767 0.10643511
 0.10730581 0.10604832 0.10728727 0.10581025]

test_0727_Tide_Tide_ftM_sl10_ll10_pl10_dm512_nh8_el2_dl1_df2048_fc1_ebtimeF_dtTrue_test_0  
mse:0.15110646188259125, mae:0.06690694391727448, rse:0.672698438167572, corr:[0.10258935 0.10023179 0.10362245 0.10086044 0.10450664 0.10950583
 0.10657877 0.10764463 0.11019794 0.1069556 ]

test_0727_Tide_Tide_ftM_sl10_ll10_pl10_dm512_nh8_el2_dl1_df2048_fc1_ebtimeF_dtTrue_test_0  
mse:0.15110646188259125, mae:0.06690694391727448, rse:0.672698438167572, corr:[0.10258935 0.10023179 0.10362245 0.10086044 0.10450664 0.10950583
 0.10657877 0.10764463 0.11019794 0.1069556 ]

test_0727_DLinear_custom_ftM_sl10_ll10_pl10_dm512_nh8_el2_dl1_df2048_fc1_ebtimeF_dtTrue_test_0  
mse:0.2991391718387604, mae:0.1448316127061844, rse:0.7381511926651001, corr:[0.1631687  0.1524371  0.1309912  0.17775755 0.17145215 0.1698027
 0.16797557 0.16409986 0.14001696 0.14300472]

test_0727_DLinear_custom_ftM_sl10_ll10_pl10_dm512_nh8_el2_dl1_df2048_fc1_ebtimeF_dtTrue_test_0  
mse:0.29749852418899536, mae:0.09081467986106873, rse:0.8166376352310181, corr:[0.10004031 0.09952162 0.09876597 0.10005983 0.09957887 0.09863284
 0.10172869 0.0997082  0.10126114 0.09827033]

test_0727_Tide_Tide_ftM_sl10_ll10_pl10_dm512_nh8_el2_dl1_df2048_fc1_ebtimeF_dtTrue_test_0  
mse:0.11928980052471161, mae:0.07984784245491028, rse:0.5759880542755127, corr:[0.1259474  0.12341095 0.12586355 0.12311149 0.1253991  0.12837155
 0.12576626 0.1263815  0.12807332 0.1261486 ]

test_0727_Tide_Tide_ftM_sl10_ll10_pl10_dm512_nh8_el2_dl1_df2048_fc1_ebtimeF_dtTrue_test_0  
mse:0.14577898383140564, mae:0.07938273251056671, rse:0.5375952124595642, corr:[0.16954775 0.16663612 0.1691638  0.16520005 0.16721992 0.17088468
 0.16700277 0.16743274 0.16958067 0.16632408]

test_0727_Tide_Tide_ftM_sl10_ll10_pl10_dm512_nh8_el2_dl1_df2048_fc1_ebtimeF_dtTrue_test_0  
mse:0.14577898383140564, mae:0.07938273251056671, rse:0.5375952124595642, corr:[0.16954775 0.16663612 0.1691638  0.16520005 0.16721992 0.17088468
 0.16700277 0.16743274 0.16958067 0.16632408]

test_0727_Tide_Tide_ftM_sl10_ll10_pl10_dm512_nh8_el2_dl1_df2048_fc1_ebtimeF_dtTrue_test_0  
mse:0.15110646188259125, mae:0.06690694391727448, rse:0.672698438167572, corr:[0.10258935 0.10023179 0.10362245 0.10086044 0.10450664 0.10950583
 0.10657877 0.10764463 0.11019794 0.1069556 ]

test_0727_Tide_Tide_ftM_sl10_ll10_pl10_dm512_nh8_el2_dl1_df2048_fc1_ebtimeF_dtTrue_test_0  
mse:0.41355350613594055, mae:0.15197281539440155, rse:0.9609833359718323, corr:[0.07572185 0.07086684 0.07393684 0.07128725 0.07435464 0.08610774
 0.0815313  0.08383472 0.08893675 0.08343009]

test_0727_Tide_Tide_ftM_sl10_ll10_pl10_dm512_nh8_el2_dl1_df2048_fc1_ebtimeF_dtTrue_test_0  
mse:0.4188273549079895, mae:0.15330953896045685, rse:0.96709144115448, corr:[0.07550829 0.07068855 0.07415443 0.0711392  0.07364956 0.08591644
 0.07951246 0.08306907 0.0891549  0.08347031]

test_0727_DLinear_custom_ftM_sl10_ll10_pl10_dm512_nh8_el2_dl1_df2048_fc1_ebtimeF_dtTrue_test_0  
mse:0.3751772940158844, mae:0.14433328807353973, wmape:0.39069414138793945,rse:0.9153102040290833, corr:[0.07663529 0.07043181 0.07014301 0.06973491 0.06955954 0.07972038
 0.08364014 0.08143198 0.08593438 0.08211032]

test_0727_DLinear_custom_ftM_sl30_ll10_pl10_dm512_nh8_el2_dl1_df2048_fc1_ebtimeF_dtTrue_test_0  
mse:0.39021608233451843, mae:0.1561202108860016, wmape:0.41044187545776367,rse:0.8950033783912659, corr:[0.08050428 0.07599604 0.07670564 0.07679926 0.07530902 0.08754458
 0.09085213 0.08956252 0.09364339 0.08958517]

test_0727_DLinear_custom_ftM_sl15_ll10_pl10_dm512_nh8_el2_dl1_df2048_fc1_ebtimeF_dtTrue_test_0  
mse:0.37863752245903015, mae:0.15091753005981445, wmape:0.39856621623039246,rse:0.8966882228851318, corr:[0.08169392 0.07660156 0.07739872 0.07658785 0.07527643 0.08880671
 0.09202249 0.09118444 0.09430297 0.09091218]

test_0727_DLL_custom_ftM_sl10_ll10_pl10_dm512_nh8_el2_dl1_df2048_fc1_ebtimeF_dtTrue_test_0  
mse:0.3500877916812897, mae:0.14054900407791138, wmape:0.3804505467414856,rse:0.8841755390167236, corr:[0.07965831 0.0760811  0.07813301 0.07513408 0.07500303 0.08628944
 0.09168193 0.08706369 0.09314259 0.08697841]

test_0727_Tide_Tide_ftM_sl10_ll10_pl10_dm512_nh8_el2_dl1_df2048_fc1_ebtimeF_dtTrue_test_0  
mse:0.41355350613594055, mae:0.15197281539440155, wmape:0.411373496055603,rse:0.9609833359718323, corr:[0.07572185 0.07086684 0.07393684 0.07128725 0.07435464 0.08610774
 0.0815313  0.08383472 0.08893675 0.08343009]

test_0727_Tide_Tide_ftM_sl10_ll10_pl10_dm512_nh8_el2_dl1_df2048_fc1_ebtimeF_dtTrue_test_0  
mse:0.37112823128700256, mae:0.1966998428106308, wmape:0.42328721284866333,rse:0.6470036506652832, corr:[0.05903972 0.07897674 0.06200288 0.06639017 0.06821736 0.06217704
 0.0813726  0.06087387 0.06686985 0.05996296]

test_0727_DLL_custom_ftM_sl10_ll10_pl10_dm512_nh8_el2_dl1_df2048_fc1_ebtimeF_dtTrue_test_0  
mse:0.3500877916812897, mae:0.14054900407791138, wmape:0.3804505467414856,rse:0.8841755390167236, corr:[0.07965831 0.0760811  0.07813301 0.07513408 0.07500303 0.08628944
 0.09168193 0.08706369 0.09314259 0.08697841]

test_0727_Tide_Tide_ftM_sl10_ll10_pl10_dm512_nh8_el2_dl1_df2048_fc1_ebtimeF_dtTrue_test_0  
mse:3.5867254734039307, mae:0.7641643285751343, wmape:1.3274405002593994,rse:1.0671141147613525, corr:[-0.00145937 -0.0033366  -0.00204108  0.00444095 -0.00729035 -0.00330753
 -0.00071553  0.00626674 -0.00934543 -0.0042681 ]

test_0727_Tide_Tide_ftM_sl10_ll10_pl10_dm512_nh8_el2_dl1_df2048_fc1_ebtimeF_dtTrue_test_0  
mse:3.5872349739074707, mae:0.7643048167228699, wmape:1.3276845216751099,rse:1.0671899318695068, corr:[-0.00145937 -0.00333661 -0.00204108  0.00444095 -0.00729035 -0.00330753
 -0.00071553  0.00626673 -0.00933218 -0.0042681 ]

test_0727_Tide_Tide_ftM_sl10_ll10_pl10_dm512_nh8_el2_dl1_df2048_fc1_ebtimeF_dtTrue_test_0  
mse:0.41355350613594055, mae:0.15197281539440155, wmape:0.411373496055603,rse:0.9609833359718323, corr:[0.07572185 0.07086684 0.07393684 0.07128725 0.07435464 0.08610774
 0.0815313  0.08383472 0.08893675 0.08343009]

test_0727_Tide_Tide_ftM_sl10_ll10_pl10_dm512_nh8_el2_dl1_df2048_fc1_ebtimeF_dtTrue_test_0  
mse:0.4881938099861145, mae:0.24571405351161957, wmape:0.5653402209281921,rse:0.8162121176719666, corr:[0.11129914 0.10601731 0.1117512  0.10783958 0.10607628 0.10903087
 0.09989442 0.1059292  0.11085967 0.10445037]

